Date,Time,Outer Temprature (c),Inner Temprature (c),Outer Humidity,Inner Humidity,Light Reading
16/06/2020,19:24,22.2,22.5,63.7,61.7,43
16/06/2020,19:24,22.2,22.5,63.7,61.7,43
16/06/2020,19:24,22.2,22.4,63.7,61.7,43
16/06/2020,19:24,22.2,22.4,63.7,61.7,43
16/06/2020,19:24,22.2,22.4,63.7,61.7,43
16/06/2020,19:24,22.2,22.4,63.7,61.7,43
16/06/2020,19:24,22.1,22.4,63.7,61.7,42
16/06/2020,19:24,22.1,22.4,63.7,61.7,42
16/06/2020,19:24,22.2,22.4,63.7,61.7,41
16/06/2020,19:24,22.2,22.4,63.7,61.7,41
16/06/2020,19:24,22.2,22.5,63.7,61.7,41
16/06/2020,19:24,22.2,22.5,63.7,61.7,41
16/06/2020,19:24,22.1,22.5,63.7,61.7,41
16/06/2020,19:24,22.1,22.5,63.7,61.7,41
16/06/2020,19:24,22.1,22.4,63.7,61.7,41
16/06/2020,19:24,22.1,22.4,63.7,61.7,41
16/06/2020,19:24,22.1,22.4,63.7,61.7,40
16/06/2020,19:24,22.1,22.4,63.7,61.7,40
16/06/2020,19:24,22.2,22.5,63.7,61.7,40
16/06/2020,19:24,22.2,22.5,63.7,61.7,40
16/06/2020,19:24,22.1,22.5,63.7,61.7,40
16/06/2020,19:24,22.1,22.5,63.7,61.7,40
16/06/2020,19:24,22.1,22.4,63.7,61.7,40
16/06/2020,19:24,22.1,22.4,63.7,61.7,40
16/06/2020,19:24,22.1,22.4,63.7,61.7,40
16/06/2020,19:24,22.1,22.4,63.7,61.7,40
16/06/2020,19:24,22.2,22.4,63.7,61.7,39
16/06/2020,19:24,22.2,22.4,63.7,61.7,39
16/06/2020,19:24,22.1,22.4,63.7,61.7,39
16/06/2020,19:24,22.1,22.4,63.7,61.7,39
16/06/2020,19:24,22.2,22.5,63.7,61.7,39
16/06/2020,19:24,22.2,22.5,63.7,61.7,39
16/06/2020,19:24,22.1,22.4,63.7,61.7,39
16/06/2020,19:24,22.1,22.4,63.7,61.7,39
16/06/2020,19:24,22.2,22.4,63.7,61.7,38
16/06/2020,19:24,22.2,22.4,63.7,61.7,38
16/06/2020,19:24,22.1,22.4,63.7,61.7,38
16/06/2020,19:24,22.1,22.4,63.7,61.7,38
16/06/2020,19:24,22.2,22.4,63.7,61.7,38
16/06/2020,19:24,22.2,22.4,63.7,61.7,38
16/06/2020,19:24,22.2,22.4,63.7,61.7,38
16/06/2020,19:24,22.2,22.4,63.7,61.7,38
16/06/2020,19:24,22.1,22.4,63.7,61.7,39
16/06/2020,19:24,22.1,22.4,63.7,61.7,39
16/06/2020,19:24,22.1,22.4,63.7,61.7,38
16/06/2020,19:24,22.1,22.4,63.7,61.7,38
16/06/2020,19:24,22.2,22.4,63.7,61.7,37
16/06/2020,19:24,22.2,22.4,63.7,61.7,37
16/06/2020,19:24,22.1,22.4,63.7,61.7,38
16/06/2020,19:24,22.1,22.4,63.7,61.7,38
16/06/2020,19:24,22.2,22.5,63.7,61.7,37
16/06/2020,19:24,22.2,22.5,63.7,61.7,37
16/06/2020,19:24,22.2,22.4,63.7,61.7,37
16/06/2020,19:24,22.2,22.4,63.7,61.7,37
16/06/2020,19:24,22.1,22.4,63.7,61.7,37
16/06/2020,19:24,22.1,22.4,63.7,61.7,37
16/06/2020,19:24,22.1,22.4,63.7,61.7,37
16/06/2020,19:24,22.1,22.4,63.7,61.7,37
16/06/2020,19:24,22.1,22.4,63.7,61.7,37
16/06/2020,19:24,22.1,22.4,63.7,61.7,37
16/06/2020,19:24,22.1,22.4,63.7,61.7,37
16/06/2020,19:24,22.1,22.4,63.7,61.7,37
16/06/2020,19:24,22.1,22.4,63.7,61.7,37
16/06/2020,19:24,22.1,22.4,63.7,61.7,37
16/06/2020,19:24,22.1,22.4,63.7,61.7,37
16/06/2020,19:24,22.1,22.4,63.7,61.7,37
16/06/2020,19:24,22.1,22.4,63.7,61.7,37
16/06/2020,19:24,22.1,22.4,63.7,61.7,37
16/06/2020,19:24,22.1,22.4,63.7,61.7,37
16/06/2020,19:24,22.1,22.4,63.7,61.7,37
16/06/2020,19:24,22.1,22.4,63.7,61.7,37
16/06/2020,19:24,22.1,22.4,63.7,61.7,37
16/06/2020,19:24,22.1,22.4,63.7,61.7,37
16/06/2020,19:24,22.1,22.4,63.7,61.7,37
16/06/2020,19:24,22.1,22.4,63.6,61.7,37
16/06/2020,19:24,22.1,22.4,63.6,61.7,37
16/06/2020,19:24,22.1,22.4,63.7,61.7,37
16/06/2020,19:24,22.1,22.4,63.7,61.7,37
16/06/2020,19:24,22.2,22.4,63.7,61.6,37
16/06/2020,19:24,22.2,22.4,63.7,61.6,37
16/06/2020,19:24,22.1,22.4,63.7,61.7,36
16/06/2020,19:24,22.1,22.4,63.7,61.7,36
16/06/2020,19:24,22.1,22.4,63.7,61.6,36
16/06/2020,19:24,22.1,22.4,63.7,61.6,36
16/06/2020,19:24,22.2,22.4,63.7,61.6,36
16/06/2020,19:24,22.2,22.4,63.7,61.6,36
16/06/2020,19:24,22.1,22.4,63.7,61.6,36
16/06/2020,19:24,22.1,22.4,63.7,61.6,36
16/06/2020,19:24,22.2,22.4,63.7,61.6,36
16/06/2020,19:24,22.2,22.4,63.7,61.6,36
16/06/2020,19:24,22.1,22.4,63.7,61.6,36
16/06/2020,19:24,22.1,22.4,63.7,61.6,36
16/06/2020,19:24,22.2,22.5,63.7,61.7,36
16/06/2020,19:24,22.2,22.5,63.7,61.7,36
16/06/2020,19:24,22.1,22.4,63.7,61.6,36
16/06/2020,19:24,22.1,22.4,63.7,61.6,36
16/06/2020,19:24,22.1,22.4,63.7,61.6,36
16/06/2020,19:24,22.1,22.4,63.7,61.6,36
16/06/2020,19:24,22.1,22.4,63.7,61.6,36
16/06/2020,19:24,22.1,22.4,63.7,61.6,36
16/06/2020,19:24,22.1,22.4,63.7,61.6,36
16/06/2020,19:24,22.2,22.4,63.7,61.6,36
16/06/2020,19:24,22.2,22.4,63.7,61.6,36
16/06/2020,19:24,22.1,22.4,63.7,61.6,36
16/06/2020,19:24,22.1,22.4,63.7,61.6,36
16/06/2020,19:24,22.1,22.4,63.6,61.6,36
16/06/2020,19:24,22.1,22.4,63.6,61.6,36
16/06/2020,19:24,22.1,22.4,63.7,61.6,36
16/06/2020,19:24,22.1,22.4,63.7,61.6,36
16/06/2020,19:24,22.1,22.4,63.7,61.6,36
16/06/2020,19:24,22.1,22.4,63.7,61.6,36
16/06/2020,19:24,22.1,22.4,63.6,61.6,36
16/06/2020,19:24,22.1,22.4,63.6,61.6,36
16/06/2020,19:24,22.1,22.4,63.6,61.6,36
16/06/2020,19:24,22.1,22.4,63.6,61.6,36
16/06/2020,19:24,22.1,22.4,63.6,61.6,36
16/06/2020,19:24,22.1,22.4,63.6,61.6,36
16/06/2020,19:24,22.1,22.4,63.6,61.6,36
16/06/2020,19:24,22.1,22.4,63.6,61.6,36
16/06/2020,19:24,22.1,22.4,63.6,61.6,36
16/06/2020,19:24,22.1,22.4,63.6,61.6,36
16/06/2020,19:24,22.1,22.4,63.6,61.6,36
16/06/2020,19:24,22.1,22.4,63.6,61.6,36
16/06/2020,19:24,22.1,22.4,63.6,61.6,36
16/06/2020,19:24,22.1,22.4,63.6,61.6,36
16/06/2020,19:24,22.1,22.4,63.6,61.6,36
16/06/2020,19:24,22.1,22.4,63.6,61.6,36
16/06/2020,19:24,22.1,22.4,63.6,61.6,36
16/06/2020,19:24,22.1,22.4,63.6,61.6,36
16/06/2020,19:24,22.1,22.4,63.6,61.6,36
16/06/2020,19:24,22.1,22.4,63.6,61.6,36
16/06/2020,19:24,22.1,22.4,63.6,61.6,36
16/06/2020,19:24,22.1,22.4,63.6,61.6,36
16/06/2020,19:24,22.1,22.4,63.6,61.6,36
16/06/2020,19:24,22.1,22.4,63.6,61.6,36
16/06/2020,19:24,22.1,22.4,63.6,61.6,36
16/06/2020,19:24,22.1,22.4,63.6,61.6,36
16/06/2020,19:24,22.1,22.4,63.6,61.6,37
16/06/2020,19:24,22.1,22.4,63.6,61.6,37
16/06/2020,19:24,22.1,22.4,63.6,61.6,37
16/06/2020,19:24,22.1,22.4,63.6,61.6,37
16/06/2020,19:24,22.2,22.4,63.7,61.6,36
16/06/2020,19:24,22.2,22.4,63.7,61.6,36
16/06/2020,19:24,22.1,22.4,63.6,61.6,36
16/06/2020,19:24,22.1,22.4,63.6,61.6,36
16/06/2020,19:24,22.1,22.4,63.6,61.6,37
16/06/2020,19:24,22.1,22.4,63.6,61.6,37
16/06/2020,19:24,22.1,22.4,63.6,61.6,37
16/06/2020,19:24,22.1,22.4,63.6,61.6,37
16/06/2020,19:24,22.1,22.4,63.6,61.6,37
16/06/2020,19:24,22.1,22.4,63.6,61.6,37
16/06/2020,19:24,22.1,22.4,63.6,61.6,37
16/06/2020,19:24,22.1,22.4,63.6,61.6,37
16/06/2020,19:24,22.1,22.4,63.6,61.6,36
16/06/2020,19:24,22.1,22.4,63.6,61.6,36
16/06/2020,19:24,22.1,22.4,63.6,61.6,37
16/06/2020,19:24,22.1,22.4,63.6,61.6,37
16/06/2020,19:24,22.1,22.4,63.6,61.6,37
16/06/2020,19:24,22.1,22.4,63.6,61.6,37
16/06/2020,19:24,22.1,22.4,63.6,61.6,37
16/06/2020,19:24,22.1,22.4,63.6,61.6,37
16/06/2020,19:24,22.1,22.4,63.6,61.6,37
16/06/2020,19:24,22.1,22.4,63.6,61.6,37
16/06/2020,19:24,22.2,22.4,63.6,61.6,36
16/06/2020,19:24,22.2,22.4,63.6,61.6,36
16/06/2020,19:24,22.1,22.4,63.6,61.6,36
16/06/2020,19:24,22.1,22.4,63.6,61.6,36
16/06/2020,19:24,22.1,22.4,63.6,61.6,36
16/06/2020,19:24,22.1,22.4,63.6,61.6,36
16/06/2020,19:24,22.1,22.4,63.6,61.6,36
16/06/2020,19:24,22.1,22.4,63.6,61.6,36
16/06/2020,19:24,22.1,22.4,63.6,61.6,36
16/06/2020,19:24,22.1,22.4,63.6,61.6,36
16/06/2020,19:24,22.1,22.4,63.6,61.6,36
16/06/2020,19:24,22.1,22.4,63.6,61.6,36
16/06/2020,19:24,22.1,22.4,63.6,61.6,36
16/06/2020,19:24,22.1,22.4,63.6,61.6,36
